1508020201
1508020201
1508020201
1508020201
1508020201
1508020201
1508020201
1508020201
1508020201
1508020201
1508020202
1508020202
1508020202
1508020202
1508020202
1508020202
1508020202
1508020202
1508020202
1508020202
1508020205
1508020205
1508020205
1508020205
1508020205
1508020205
1508020205
1508020205
1508020205
1508020205
1508020206
1508020206
1508020206
1508020206
1508020206
1508020206
1508020206
1508020206
1508020206
1508020206
1508020212
1508020212
1508020212
1508020212
1508020212
1508020212
1508020212
1508020212
1508020212
1508020213
1508020213
1508020213
1508020213
1508020213
1508020213
1508020213
1508020213
1508020213
1508020213
1508020215
1508020215
1508020215
1508020215
1508020215
1508020215
1508020215
1508020215
1508020215
1508020215
1508020217
1508020217
1508020217
1508020217
1508020217
1508020217
1508020217
1508020217
1508020217
1508020217
1508020222
1508020222
1508020222
1508020222
1508020222
1508020222
1508020222
1508020222
1508020222
1508020222
1508020228
1508020228
1508020228
1508020228
1508020228
1508020228
1508020228
1508020228
1508020228
1508020228
1508020229
1508020229
1508020229
1508020229
1508020229
1508020229
1508020229
1508020229
1508020229
1508020229
1508020231
1508020231
1508020231
1508020231
1508020231
1508020231
1508020231
1508020231
1508020231
1508020231
